[299, 7763]
[5, 291, 6686, 4529, 488]
[14, 358, 127]
[7, 36, 9384, 1644, 4327]
[8, 285, 3378, 55]
[3, 11, 2646, 5991, 1945]
[2, 984, 8261]
[4, 39, 981, 1531, 8591]
[8, 848, 8965]
[6, 293, 993, 959]
[6, 547, 5915]
[6, 786, 144, 2631, 7965]
[4, 993, 573, 4414]
[5, 7, 648, 5561]
[1, 19, 6665, 1935]
[4, 866, 278]
[6, 159, 2489]
[2, 845, 1184, 4548]
[7, 7, 99, 867, 226]
[4, 264, 1254, 9533]
[2, 3678, 7953]
[5, 296, 3544, 1877]
[2, 941, 4917]
[6, 983, 6717, 1733]
[6, 8, 427, 8312]
[9, 428, 8136, 116]
[324, 7294, 4344, 355]
[173, 9757, 3585, 7836]
[574, 5976, 6188, 18]
[468, 824]
[759, 8376, 449]
[745, 4299, 171, 9]
[4, 788, 8946]
[513, 5861, 2387, 5286]
[5, 459, 5323, 3183]
[7, 373, 3672]
[4, 259, 3627, 584]
[2, 939, 9299]
[2, 35, 6448]
[4, 698, 9755, 239]
[975, 5815]
[2, 876, 7795]
[6, 293, 641]
[365, 7879]
[13, 4878]
[8, 131, 2166, 1122, 666]
[723, 6783, 7325]
[8, 97, 3725, 7667]
[2, 545, 8668]
[4, 5, 947, 6684]
[9, 683, 8]
[5, 277, 5365]
[3, 959, 4771]
[4, 557, 2197]
[1, 51, 37, 463, 513]
[7, 221, 278, 879]
[8, 6, 857, 3768]
[9, 31, 947]
[4, 2, 92, 552, 743]
[3, 664, 375]
[7, 192, 2936, 185]
[4, 431, 36, 32]
[5, 375, 4295]
[8, 697, 6923, 4529, 8218]
[1, 527, 6341, 3287]
[6, 378, 9956]
[4, 228, 3769]
[1, 642, 5446]
[521, 7313, 3355, 5958]
[9, 1, 259, 9665, 6946]
[1, 523, 1939]
[1, 87, 173, 1712]
[9, 496, 15]
[7, 948, 2462]
[1, 257, 3287, 2262]
[815, 8827, 3677]
[789, 2525]
[6, 135, 5274, 1953, 9942]
[165, 2763, 817]
[1, 21, 264, 757, 792]
[2, 5, 879, 1137]
[4, 18, 9186]
[8, 659, 593]
[2, 429, 4688]
[1, 38, 9441, 3188]
[4, 331, 8969, 2538]
[5, 993, 9995, 3651]
[2, 2141, 4642]
[3, 861, 4874, 7235]
[7, 622, 7813]
[8, 373, 6312, 822]
[3, 869, 6586, 6223]
[3, 943, 367]
[6, 628, 272, 3861, 9834]
[9, 8, 631, 444]
[1, 948, 8844, 2116]
[7, 667, 9988, 8645]
[777, 2189]
[5, 839, 7537]
[6, 755, 8392]
[8, 1, 42, 8255]
[3, 544, 2543, 828]
[837, 8196, 1392]
[9, 799, 5592]
[2, 789, 8786, 9625, 5123]
[945, 2692]
[18, 51, 617]
[7, 522, 4663]
[6, 719, 3111, 176]
[528, 174, 5471]
[3, 69, 5335, 7621]
[1, 161, 1217, 197, 89]
[95, 186, 315]
[8, 2, 33, 768]
[3, 564, 6273]
[4, 669, 5353]
[169, 2394, 4714]
[3, 242, 953, 8786]
[8, 11, 3578]
[6, 9826, 8178]
[5, 41, 274, 513, 5833]
[7, 82, 751]
[7, 162, 1546, 9267]
[9, 383, 2249, 7211, 3817]
[1, 856, 5995, 675]
[841, 7]
[4, 5123, 7293]
[6, 1, 7558, 4187]
[4, 42, 5619, 9184]
[4, 272, 6835, 8424]
[967, 1251, 68]
[6, 871, 5799]
[4, 1967, 6541]
[3, 377, 9663]
[2, 44, 1481, 1524, 4661]
[4, 137, 8818, 383]
[124, 1561, 194]
[9, 7363, 7668]
[2, 37, 867, 2419]
[8, 311, 8768, 11]
[25, 861]
[6, 862, 7967, 345, 89]
[497, 3486, 1926]
[9, 658, 6427]
[1, 351, 2771]
[2, 971, 6273, 3186, 753]
[437, 8161]
[668, 1622, 392]
[218, 5632]
[6, 893, 4319]
[996, 3224]
[7, 547, 3189]
[7, 329, 6652]
[2, 336, 5921]
[5, 3, 9351]
[2, 186, 8733, 5]
[4, 31, 5515]
[1, 327, 846, 22]
[9, 657, 2945]
[1, 856, 3392, 5391, 4897]
[794, 9148, 151]
[2, 413, 328, 8268, 9662]
[3, 124, 887, 6, 8]
[6, 315, 2794, 2155]
[4, 957, 6885, 5115]
[6, 6, 3992, 1855]
[8, 555, 4875, 916, 49]
[4, 139, 9834, 3675]
[693, 6787, 1341, 17]
[748, 8695]
[8, 37, 819, 173]
[7, 55, 619]
[7, 831, 2249]
[1, 328, 5768]
[7, 3, 5818, 6862, 3758]
[4, 851, 3313, 142, 7]
[7, 45, 145]
[1, 615, 6664]
[1, 1824, 5599, 9347]
[4, 214, 8476, 2995]
[7, 352, 996]
[4, 319, 3771, 6332, 575]
[441, 142, 7137, 9794]
[4, 3, 4944]
[3, 1, 49, 843]
[2, 946, 9429, 3631]
[7, 298, 1984, 4726]
[6, 21, 7119, 1327]
[1, 733, 825]
[8, 471, 585, 3671]
[4, 482, 462]
[8, 26, 23, 742, 5561]
[9, 696, 9265, 4527, 8926]
[8, 984, 1562, 5845, 13]
[8, 613, 1874]
[5, 76, 833, 462]
[4, 229, 1899, 9824, 3586]
[618, 5665, 1982]
[3, 864, 2598, 64]
[136, 4576, 9972]
[9, 547, 63]
[1, 891, 347, 2168, 3331]
[5, 712, 617, 9269, 8768]
[8, 337, 6137]
[6, 253, 3164, 849]
[38, 3539, 3788]
[2, 885, 1638, 6]
[5, 75, 9526, 3789]
[1, 867, 4312, 5634, 7976]
[767, 3958, 1364, 7]
[22, 3334]
[7, 719, 2544, 349, 6]
[6, 492, 3999, 432, 83]
[85, 149, 583]
[4, 262, 4388, 674]
[1, 692, 9372]
[9, 548, 7358, 8586]
[3, 866, 4115, 2378, 4]
[7, 515, 9397]
[6, 771, 389]
[947, 386]
[886, 1397]
[6, 189, 9959]
[2, 222, 9783]
[9, 939, 9163, 9]
[2, 357, 742]
[4, 8, 7662, 4917]
[8, 91, 2931, 7792]
[3, 679, 1762]
[7, 738, 8942]
[7, 241, 117]
[6, 349, 297, 87]
[9, 685, 8999]
[4, 542, 5144, 6327]
[7, 131, 4646]
[4, 7, 9733, 2185, 6698]
[2, 556, 5753, 9198]
[2, 488, 7768, 1832]
[9, 24, 3426]
[5, 264, 771, 1649]
[3, 745, 735]
[6, 7, 1984]
[6, 427, 9894, 6193, 3956]
[8, 418, 2833, 989]
[798, 9368]
[8, 16, 1944]
[8, 516, 8137, 3113]
[3, 314, 7949, 32]
[7, 3, 413, 1545]
[8, 181, 646]
[2, 236, 7927]
[8, 313, 3791, 3699, 7552]
[5, 736, 239]
[5, 657, 758, 9264, 3861]
[8, 126, 7641]
[2879]
[8, 776, 512]
[8, 665, 4263, 8]
[998, 2175]
[9, 547, 7979, 4175]
[563, 9551, 5993]
[5, 76, 892, 6829, 8882]
[6, 518, 5132]
[138, 4695, 526, 667]
[6, 913, 384]
[5, 513, 2925]
[3, 285, 894, 3766, 1484]
[1, 582, 4373, 6483, 7937]
[39, 642, 2822, 5161]
[5, 959, 9123, 1738]
[1, 931, 5228, 6967]
[2, 816, 143]
[5, 789, 617]
[5, 238, 7353, 7396]
[4, 677, 5943]
[7, 122, 7665, 29]
[7, 253, 3414]
[4, 52, 46, 538, 525]
[9, 973, 7639, 2412]
[5, 854, 9571, 1759]
[3, 7, 77, 8384, 2443]
[5, 499, 9862, 5747]
[399, 977]
[978, 4832, 34]
[399, 3269, 27]
[384, 2118]
[3, 418, 4817]
[6, 217, 515]
[9, 854, 958, 857, 5358]
[7, 313, 5798]
[6, 291, 538, 8511]
[5, 594, 3265, 876]
[3, 34, 985, 315]
[4, 753, 8958, 144]
[7, 38, 473, 4844]
[3, 174, 3776, 6618]
[882, 8863]
[4, 814, 352, 722]
[2, 576, 1894, 654]
[91, 53, 293]
[4, 782, 7]
[9, 27, 5742, 1649]
[1, 398, 5339, 984]
[636, 4245, 6956]
[4, 173, 186, 733, 9587]
[7, 8799]
[9, 357, 32]
[194, 278, 463, 38]
[8, 685, 1195, 4939]
[7, 93, 9411]
[7, 793, 1355, 55, 5]
[26, 326, 9885, 1832]
[9, 2, 539, 468, 9886]
[2, 248, 9584, 4957]
[7, 182, 3838, 1361]
[4, 878, 9325]
[8, 794, 9211, 85]
[722, 3889]
[5, 426, 9185, 7111]
[3, 7, 751, 8723]
[5, 2, 1211, 4892]
[4, 618, 4191]
[6, 1, 399, 861]
[2, 294, 2981, 7932, 454]
[2, 88, 7878, 1758]
[3, 349, 9695, 5142, 421]
[229, 3877]
[5, 493, 3938, 9472]
[9, 88, 7767, 1939, 4945]
[9, 93, 735, 6677]
[6, 576, 5751]
[7, 1, 585, 4664]
[5, 97, 412, 5568]
[2, 181, 7397]
[8, 343, 4425, 4412]
[1, 856, 1442]
[578, 262, 8887]
[3, 566, 938, 13]
[8, 517, 8484, 6313]
[2, 26, 739, 9618]
[1, 41, 264, 291, 8558]
[1, 944, 725, 54]
[5, 5, 1614]
[1, 656, 7872, 856, 63]
[8, 7, 1812]
[8, 291, 3493, 4235]
[7, 62, 833, 529]
[7, 273, 98]
[7, 563, 867]
[4, 3, 521, 6922]
[4, 989, 1294, 561]
[666, 7497]
[7, 37, 8649]
[8, 12, 244, 6289, 3676]
[6, 434, 773]
[6, 775, 3354]
[1, 691, 4775, 9, 4]
[172, 1554]
[8, 247, 4764, 781]
[4, 356, 2434]
[9, 326, 6]
[2, 555, 871, 648, 6441]
[3, 536, 3574]
[3, 279, 2728, 2738]
[5, 927, 5971]
[1, 979, 3714, 8]
[2, 438, 6274, 5533]
[512, 7661, 131]
[747, 98]
[1, 298, 762]
[1, 54, 3121]
[1, 396, 175]
[2, 149, 7299, 3539]
[8, 87, 1496]
[9, 257, 4173, 6627, 215]
[2, 917, 314]
[2, 133, 8272]
[937, 8313, 1696]
[6, 168, 44]
[1, 3, 717, 9757]
[6, 22, 2838, 4383]
[7, 741, 4839, 51]
[196, 361, 88]
[3, 187, 28]
[436, 1758, 44]
[95, 5737, 6797]
[5, 724, 9733]
[2, 545, 7214, 5529]
[4, 5, 8987]
[1, 869, 9685, 4931]
[2, 427, 1231]
[5, 8, 632, 4723, 9527]
[1, 246, 8241]
[3, 696, 6854, 8481]
[354, 839]
[528, 839, 249]
[4, 333, 7]
[9, 9431, 9986, 1331]
[9, 245, 4853, 3917]
[4, 197, 337]
[7, 149, 5943]
[7, 2, 1417]
[9, 495, 612]
[7, 4, 8113, 7262]
[4, 573, 934]
[2, 6, 7861]
[1, 536, 9325]
[3, 1, 299]
[5, 136, 519]
[1, 377, 537, 5944]
[7, 97, 596, 337, 897]
[5, 246, 1632]
[6, 465, 6958, 726, 1]
[7, 8469, 5197]
[5, 31, 7781]
[6, 47, 8256]
[8, 274, 1152, 2251]
[3, 885, 2112, 766, 5]
[1, 74, 3772, 2294]
[9, 69, 488, 998]
[1, 292, 7916]
[326, 6316]
[8, 62, 314, 961, 1797]
[5, 326, 8296, 3357]
[95, 715, 5237, 5659]
[5, 615, 2836]
[6, 392, 8259]
[8, 261, 799]
[18, 53, 928, 6824]
[2, 883, 5276, 4358]
[6, 763, 2994]
[2, 953, 1734]
[9, 158, 4447]
[57, 87, 442]
[9, 75, 712, 8792]
[2, 767, 2236]
[6, 463, 8524]
[8, 86, 47, 259, 4572]
[4, 445, 3]
[3, 598, 9369, 9434]
[4, 1862]
[4, 3, 77, 3863, 3243]
[2, 779, 3735]
[6, 313, 8665, 7865, 85]
[271, 988]
[461, 1215, 6967]
[4, 423, 6499, 2542]
[9, 598, 469]
[6, 7, 811, 1931, 8261]
[4, 885, 8417, 9988]
[2, 229, 3683]
[8, 187, 64, 98]
[3, 826, 1641, 81, 4]
[7, 52, 441]
[9, 158, 9714, 7683, 693]
[433, 7187, 833]
[275, 9158, 72]
[353, 63]
[1, 53, 4999]
[9, 2, 189, 3562]
[7, 6, 211, 229]
[8, 248, 2324]
[816, 533, 435]
[3, 887, 275]
[8, 191, 7667, 1332]
[2, 93, 6178, 5387, 2342]
[2, 718, 684, 9626]
[7, 8, 8525]
[1, 83, 639, 774]
[5, 569, 1347, 3486]
[764, 726]
[9, 624, 3912]
[2, 8, 82, 729, 7581]
[3, 611, 39, 2]
[5, 351, 123]
[7, 865, 5471, 2884]
[697, 2135, 6471]
[6, 123, 114, 53]
[312, 6529]
[6, 122, 97]
[4, 493, 5617, 786, 82]
[5, 859, 333, 7223]
[7, 877, 659, 3732]
[5, 347, 522, 124]
[3, 972, 3982, 8135]
[82, 646, 5869]
[5, 766, 5284, 3326]
[4, 64, 5483]
[9, 725, 3688, 829, 83]
[1, 638, 367]
[7, 842, 31, 5]
[832, 7997]
[1, 268, 1422]
[3, 684, 6714]
[5, 989, 1972, 5547]
[372, 3768, 5841]
[142, 8695, 486]
[95, 7361]
[7, 8, 723, 3145]
[7, 698, 883]
[6, 45, 441, 8829]
[5, 651, 4644]
[6, 538, 958, 57]
[8, 48, 81, 517]
[9, 561, 6666, 73]
[781, 6477, 9132]
[5, 653, 6259]
[5, 555, 1688]
[927, 768, 9484]
[3, 2, 257]
[1, 38, 799, 8694]
[7, 3, 7495, 9613]
[2, 371, 9392, 5321, 18]
[696, 3647]
[513, 65, 97, 24]
[5, 97, 253]
[8, 23, 4981, 1945]
[3, 323, 527, 646]
[1, 166, 884, 216, 644]
[9, 695, 633]
[9, 81, 798, 6362, 4532]
[5, 141, 4593, 65]
[2, 1, 44, 392]
[3, 381, 772, 94]
[3, 275, 3614, 7931]
[1, 77, 3193, 2656]
[6, 974, 32]
[4, 782, 3974]
[8, 331, 3322]
[4, 83, 653, 413, 3622]
[9, 29, 2494]
[8, 199, 6143]
[7, 735, 7526]
[4, 425, 8599]
[3, 483, 6493, 6542]
[643, 6788]
[34, 673]
[4, 86, 374]
[3, 788, 7764, 4149, 646]
[188, 7195, 5233]
[1, 754, 84]
[859, 362, 11]
[4, 637, 751, 1441, 4488]
[8, 565, 732]
[7, 32, 116, 785]
[3, 63, 257, 4925, 7383]
[4, 3, 768, 9379]
[3, 78, 4398, 7798, 9746]
[1, 696, 51, 9, 8]
[491, 3665, 6285, 562]
[836, 6369]
[6, 822, 2824, 781]
[7, 15, 235]
[4, 236, 2248, 987]
[8, 965, 2842, 2769]
[7, 381, 933, 8926, 1187]
[1, 429, 834]
[8, 749, 1652, 35]
[928, 7838]
[2, 287, 8756, 1729, 4624]
[7, 8, 54, 684, 585]
[4, 5, 162, 1634, 9226]
[6, 968, 6568]
[9, 983, 9865]
[9, 728, 8297, 56]
[41, 77, 527, 914]
[7, 711, 3822]
[232, 7358, 9856]
[7, 6, 6916, 4837]
[3, 326, 8866, 33]
[9, 712, 5211]
[925, 437, 75]
[6, 914, 6659]
[883, 3799]
[2, 859, 965, 44]
[394, 2362, 741]
[5, 176, 5447]
[8, 925, 1958]
[5, 283, 9879]
[1, 537, 989, 564]
[2, 543, 4821]
[5, 675, 3686, 5186]
[9, 444, 9423, 25]
[2, 26, 5661, 3145]
[7, 7, 456, 6627]
[5, 585, 4612, 255]
[9, 41, 573, 4485]
[5, 534, 4253, 542, 4]
[787, 841]
[9, 625, 9726]
[3, 457, 2151, 337, 91]
[28, 295]
[4, 815, 185]
[1, 6, 9531]
[7, 977, 515]
[3, 815, 3111]
[7, 3, 5978, 4541]
[7, 321, 9157, 843, 934]
[9, 49, 56, 483, 5751]
[3, 556, 6234]
[7, 919, 236]
[7, 43, 946, 9938]
[3, 514, 6711, 438]
[659, 467, 496]
[4, 445, 2917]
[4, 948, 1247, 88]
[217, 7592, 4158, 156]
[4, 228, 7839, 9258, 978]
[845, 628]
[41, 934, 4312]
[5, 489, 1853]
[3, 775, 4229]
[5, 725, 3778, 5912, 6445]
[5, 198, 3372, 6862, 97]
[1, 998, 4136, 26]
[9, 78, 57, 958]
[2, 281, 7848, 3592, 6]
[1, 477, 1126]
[9, 2, 98, 3188]
[8, 68, 1615]
[3, 689, 872]
[8, 437, 8991]
[4, 13, 552, 798]
[2, 334, 175, 6519]
[7, 25, 611, 8624]
[6, 517, 2391]
[8, 62, 9114]
[5, 415, 8849, 9879]
[4, 922, 1248, 411]
[7, 788, 8671]
[3, 956, 883]
[4, 691, 8564]
[1, 539, 4166, 956, 2]
[635, 547, 882]
[1, 597, 1977, 265]
[383, 9754, 76]
[8, 145, 242, 16]
[1, 2, 5939, 3352]
[1, 181, 5258]
[4, 47, 9971, 9878]
[9, 295, 454]
[257, 746]
[1, 4, 86, 798, 2536]
[6, 6517, 1541]
[7, 261, 3128, 8977]
[9, 982, 6876, 283, 48]
[679, 2739]
[5, 37, 325, 1622]
[4, 271, 7933, 124]
[8, 264, 9353, 769]
[4, 569, 2433, 11, 78]
[1, 361, 976]
[6, 343, 1899, 9656, 445]
[476, 3586, 287]
[4, 7, 483, 2482, 9512]
[7, 89, 8739, 3468]
[2, 988, 719, 756, 9588]
[7, 184, 738]
[792, 347, 633, 5185]
[5, 588, 7471]
[3, 997, 5539, 3245]
[8, 919, 5577, 167]
[962, 7998]
[9, 743, 8938, 594]
[3, 6, 156, 493, 5936]
[4, 178, 1937]
[792, 1293]
[3, 323, 55]
[2, 419, 841, 628]
[4, 828, 758]
[3, 38, 2222]
[4, 812, 3488]
[3, 663, 89]
[1, 39, 461, 4228]
[1, 362, 6216, 941]
[4, 847, 127, 341]
[7, 93, 251, 368]
[8, 54, 716, 385, 5159]
[8, 744, 5169]
[7, 3, 3534]
[7, 254, 9154, 3777, 1986]
[242, 392]
[5, 768, 787]
[728, 9634, 9181]
[5, 422, 249]
[5, 821, 8111, 1]
[659, 5942, 2241]
[786, 1957]
[7, 844, 799]
[883, 4585]
[7, 3, 9352, 2722]
[5, 777, 7172]
[9, 894, 4619]
[7, 856, 614]
[3, 821, 916, 5979]
[9, 736, 4818, 5329]
[6, 58, 9731]
[6, 7, 2, 661]
[7, 852, 3688, 995]
[3, 322, 97]
[3, 616, 964, 54]
[3, 84, 861, 997, 9843]
[3, 1, 755, 847, 9948]
[8, 99, 5953, 9758]
[1, 778, 989, 29, 17]
[1, 8, 4888]
[5, 844, 4599, 3938, 8]
[1, 386, 8427, 8596]
[9, 1, 799, 8472]
[8, 488, 112]
[578, 5995]
[1, 136, 1535]
[4, 688, 933, 1794]
[8, 563, 188, 1645]
[7, 831, 5844, 5]
[276, 2698, 6556]
[4, 891, 8953, 428, 67]
[3, 959, 811]
[2, 412, 3437]
[9, 778, 52]
[44, 6969]
[7, 581, 7174, 348]
[6, 98, 7624, 3271]
[8, 67, 675, 1448, 7271]
[3, 497, 9342]
[6, 59, 428, 567, 7965]
[2, 828, 4858, 561, 65]
[7, 52, 4518, 1841]
[2, 395, 789, 3985]
[1, 359, 8991]
[8, 154, 5349, 5487]
[5, 775, 4475, 372]
[4, 185, 3493, 957]
[238, 2219]
[4, 449, 272]
[7, 784, 6317]
[799, 845, 28]
[2, 888, 1993]
[5, 972, 3395, 5145]
[66, 6611]
[5, 23, 5652, 4447]
[7, 377, 29, 7, 4]
[7, 765, 6339, 4976]
[1, 883, 4847]
[121, 211]
[3, 594, 5586, 952, 61]
[9, 247, 5813, 4483]
[5, 635, 978, 1233]
[1, 169, 2483, 639]
[9, 6, 654, 1485, 7143]
[6, 2517]
[2, 977, 777, 82]
[8, 653, 8917]
[2, 35, 173, 496]
[4, 25, 2655, 7411]
[1, 198, 4845]
[3, 833, 5566, 2891, 222]
[418, 46, 7]
[4, 452, 1284]
[2, 662, 4887, 74]
[931, 6434, 9755]
[4, 291, 5742]
[2, 626, 1924]
[448, 3176]
[223, 7263]
[4, 242, 979]
[7, 391, 8978, 3719, 23]
[5, 667, 1459]
[4, 662, 8776, 4, 3]
[2, 21, 387]
[3, 449, 461]
[7, 723, 2778, 7394, 4661]
[62, 455, 655]
[4, 956, 7796]
[37, 975, 1459]
[1, 42, 411]
[1, 163, 758, 236]
[1, 983, 5386]
[9, 123, 1122, 1533, 15]
[419, 916]
[784, 549]
[1, 698, 837, 2416]
[2, 743, 2137, 6134]
[519, 1194]
[5, 553, 9875]
[5, 337, 9391, 8661]
[3, 758, 6245, 7949]
[9, 475, 8343, 81]
[6, 417, 2446, 623, 767]
[5, 56, 635, 9424]
[8, 224, 6457, 4716]
[53, 886, 575]
[9, 313, 958]
[4, 41, 593, 1379]
[8, 224, 5277]
[184, 2737, 19]
[8, 145, 413]
[9, 289, 1336]
[7, 212, 7812]
[3, 538, 856, 2834]
[6, 228, 1112]
[538, 7912, 2564, 9674]
[1, 846, 6286, 3732, 865]
[715, 3389, 3]
[687, 3614, 262, 526]
[4, 26, 1523, 9157, 1377]
[1, 226, 4697, 1724, 735]
[66, 98, 625]
[7, 7, 9642, 8485]
[5, 725, 938]
[1, 977, 3482, 94]
[265, 276, 74]
[118, 561]
[152, 4239, 9685, 481]
[8, 6, 4433]
[2, 856, 2243, 65]
[55, 529]
[4, 767, 4876]
[6, 856, 8257]
[4, 817, 2]
[4, 353, 5136, 1818]
[8, 856, 112, 27]
[8, 29, 3543]
[5, 694, 598, 12]
[5, 96, 846]
[2, 597, 2469]
[2, 449, 439]
[6, 3, 885, 368, 2891]
[7, 594, 43, 96]
[4, 7, 6491, 1772]
[3, 7, 4185, 4424, 1537]
[9, 366, 3363]
[4, 337, 6483, 8314, 19]
[942, 683]
[9, 593, 8635, 83]
[6, 232, 9181]
[3, 942, 4]
[5, 555, 5555, 5285, 323]
[7, 99, 2317, 7817]
[4, 817, 9478]
[8, 167, 5878]
[6, 387, 128, 494]
[9, 588, 5179, 471]
[4, 5256, 7535]
[7, 584, 3683, 7786]
[8, 3, 4715]
[9, 915, 8761]
[5, 98, 45, 583, 5893]
[4, 389, 4496, 3141]
[37, 652, 5589]
[2, 318, 5522]
[1, 781, 7447]
[6, 81, 2392, 2799]
[3, 56, 123, 9733]
[3, 35, 2216]
[7, 3, 729, 4413, 7377]
[2, 997, 7974, 3995]
[527, 8467, 7361]
[2, 858, 613]
[5, 815, 736, 8918]
[8, 153, 9135]
[9, 537, 216, 8549]
[8, 441, 7187]
[9, 312, 551, 343]
[9, 648, 5756, 86]
[751, 295, 92]
[1, 229, 2913]
[6, 168, 6928, 2776, 1286]
[578, 6844]
[3, 95, 239, 2657]
[8, 245, 3852, 9196]
[2, 579, 366]
[9, 561, 5673, 1312, 27]
[8, 879, 653]
[1, 854, 3725, 8231]
[155, 9339]
[1, 11, 168, 385]
[1, 492, 8283, 1661]
[9, 283, 469]
[7, 275, 643, 76]
[4, 39, 8218]
[7, 529, 6343]
[8, 573, 9448]
[5, 96, 264, 3253, 8525]
[1, 481, 8333, 2916, 662]
[164, 231, 8]
[521, 9458]
[9, 682, 5399]
[8, 71, 377, 645, 6186]
[7, 463, 4629]
[3, 124, 1781]
[3, 71, 453]
[7, 7, 219, 4891, 7596]
[6, 8312, 8131]
[3, 724, 8193, 4145, 9446]
[96, 8859, 2964]
[1, 845, 7537, 1944]
[3, 589, 4674]
[9, 349, 681]
[5, 698, 727, 2578]
[1, 124, 5521, 3918]
[1, 6139]
[8, 4516, 9696]
[7, 18, 6659, 5917]
[4, 138, 9344]
[5, 1512]
[6, 495, 1481, 244]
[9, 5471]
[4, 22, 4939, 1693]
[4, 429, 1694]
[6, 971, 7279]
[5, 872, 482]
[1, 546, 3534, 1866]
[5, 7379]
[9, 563, 215, 6234]
[2, 711, 7773]
[829, 4756, 533, 14]
[8, 999, 4887]
[314, 429, 955, 239]
[5, 159, 4974, 2672]
[4, 265, 6374, 4856]
[4, 1849, 7518]
[8, 317, 569]
[4, 128, 89]
[5, 773, 4517]
[8, 596, 5195]
[3, 637, 8673]
[9, 372, 4974, 669]
[3, 2, 8272]
[9, 154, 854]
[2, 682, 4137, 9847, 4378]
[748, 7592]
[3, 367, 8359]
[3, 834, 9818, 7144]
[8, 813, 4382]
[7, 5, 5733]
[8, 598, 512]
[22, 544, 4449]
[2, 253, 3353]
[9, 515, 3713, 348]
[6, 514, 2433]
[4, 2444, 1433]
[1, 635, 8978]
[7, 787, 3117]
[7, 9, 6483]
[2, 172, 371, 9431]
[1, 815, 9147]
[3, 6, 877, 829]
[6, 677, 9299, 3932]
[9, 452, 525, 748]
[9, 939, 9574]
[6, 184, 8937]
[4, 1, 521]
[3, 544, 564, 2275]
[8, 29, 935, 1461]
[9, 9, 7514]
[4, 1, 531, 2766, 8921]
[7, 218, 2612, 72]
[387, 5245]
[8, 341, 9194, 3193, 4623]
[65, 6932]
[4, 669, 6427]
[4, 428, 5777]
[1, 466, 339, 4]
[4, 965, 126, 541]
[2, 67, 2555, 4729, 2371]
[5, 871, 6798]
[2, 183, 2831, 3962]
[3, 886, 489, 627, 687]
[5, 416, 4357]
[2, 276, 3697, 3444, 349]
[1, 167, 2639]
[4, 39, 949, 6497, 2339]
[7, 677, 951]
[2, 558, 33]
[1, 578, 751, 5]
[7, 93, 8574, 7571]
[6, 851, 4731, 5]
[4, 591, 7613]
[397, 679, 54, 68]
[9, 321, 564]
[57, 759, 3921, 4362]
[6, 47, 921, 9414]
[1, 237, 7396, 1995]
[9, 631, 4726]
[7, 848, 8438, 148]
[2, 712, 7346]
[5, 561, 7964, 5178, 66]
[6, 5, 1381]
[2, 535, 7723]
[3, 762, 6463, 3113]
[4, 736, 8313, 6791]
[4, 877, 998]
[7, 46, 5362, 7985]
[7, 748, 2362, 2216, 176]
[696, 1355, 985]
[1, 122, 4424, 9871]
[92, 4843]
[4, 226, 9357]
[144, 6161, 31]
4800971369555
